11 3 5 14 12 -8 8 0 0 2 2 10 5 1 3 2
9 -1 2 -6 -15 4 5 -2 13 -8 1 -1 10 9 1 2
-6 -13 -1 3 8 8 -4 1 -8 -9 -13 12 -3 -3 -8 5
-10 1 -6 1 -4 -7 3 2 -2 0 -2 -2 -4 -4 -3 -11
1 -4 -8 0 -5 0 6 0 7 -6 3 -4 -5 -2 -3 0
-8 7 2 -9 8 12 9 0 -4 5 -3 8 1 5 4 5
0 13 0 2 10 -9 -7 5 -8 11 -3 -5 12 9 13 6
-6 12 -1 5 7 0 5 6 3 -7 1 9 -5 -1 -3 12
4 3 -7 1 -5 3 -2 3 2 -3 4 -6 -10 2 1 4
15 5 -6 8 -8 -3 1 11 -7 -5 1 -4 7 -6 -8 -3
-3 13 6 2 -8 5 -7 -10 8 2 8 2 6 -5 -8 5
-5 -5 -2 0 -2 -11 -5 -12 5 -9 -8 0 -5 11 -9 1
0 -6 3 -2 5 5 14 8 -3 -3 7 4 4 -11 1 -5
2 -1 6 2 5 -3 -7 0 0 2 14 -1 -6 -2 -3 3
-10 2 1 4 -5 0 -8 -5 -6 3 -6 5 10 -14 3 4
-4 -2 -1 -4 -3 -8 11 4 -5 -11 3 -3 1 -2 6 5
-5 -8 -11 5 -8 -1 -2 -1 -18 1 3 1 -2 0 2 -17
12 3 -5 -2 3 0 -11 15 -1 8 -3 10 2 4 -6 8
4 10 -5 -6 15 -6 -1 9 -1 1 -1 2 -9 11 0 -4
4 -2 -10 -9 5 -1 -1 7 -7 -5 -2 1 0 -2 -1 0
